[20845, 12625, 0, -1, -1, '2084512625']
[20803, 12625, 42, 20845, 12625, '2080312625']
[20845, 12563, 62, 20845, 12625, '2084512563']
[20803, 12563, 42, 20845, 12563, '2080312563']
[20845, 11537, 1026, 20845, 12563, '2084511537']
[20803, 11537, 42, 20845, 11537, '2080311537']
[20845, 11354, 183, 20845, 11537, '2084511354']
[20803, 11354, 0, 20845, 11354, '2080311354']
[21907, 11354, 0, 20845, 11354, '2190711354']
[20845, 10570, 0, 20845, 11354, '2084510570']
[18811, 11354, 0, 20803, 11354, '1881111354']
[20803, 10570, 0, 20845, 10570, '2080310570']
[21907, 10570, 0, 20845, 10570, '2190710570']
[20845, 10567, 0, 20845, 10570, '2084510567']
[18790, 11354, 0, 18811, 11354, '1879011354']
[18811, 10570, 0, 20803, 10570, '1881110570']
[20803, 10567, 0, 20845, 10567, '2080310567']
[21907, 10567, 0, 20845, 10567, '2190710567']
[20845, 8469, 0, 20845, 10567, '208458469']
[18790, 10570, 0, 18811, 10570, '1879010570']
[18811, 10567, 0, 20803, 10567, '1881110567']
[20803, 8469, 0, 20845, 8469, '208038469']
[21907, 8469, 0, 20845, 8469, '219078469']
[20845, 8439, 0, 20845, 8469, '208458439']
[18790, 10567, 0, 18811, 10567, '1879010567']
[18811, 8469, 0, 20803, 8469, '188118469']
[20803, 8439, 0, 20845, 8439, '208038439']
[21907, 8439, 0, 20845, 8439, '219078439']
[18790, 8469, 0, 18811, 8469, '187908469']
[18811, 8439, 0, 20803, 8439, '188118439']
[18790, 8439, 0, 18811, 8439, '187908439']
[21907, 11537, 183, 21907, 11354, '2190711537']
[18811, 11537, 183, 18811, 11354, '1881111537']
[18790, 11537, 21, 18811, 11537, '1879011537']
[22105, 11354, 198, 21907, 11354, '2210511354']
[22125, 11354, 20, 22105, 11354, '2212511354']
[22231, 11354, 106, 22125, 11354, '2223111354']
[22239, 11354, 8, 22231, 11354, '2223911354']
[22353, 11354, 114, 22239, 11354, '2235311354']
[22105, 11537, 183, 22105, 11354, '2210511537']
[22125, 11537, 20, 22105, 11537, '2212511537']
[22231, 11537, 106, 22125, 11537, '2223111537']
[22239, 11537, 8, 22231, 11537, '2223911537']
[22353, 11537, 114, 22239, 11537, '2235311537']
[22105, 10570, 198, 21907, 10570, '2210510570']
[22105, 10567, 3, 22105, 10570, '2210510567']
[22125, 10570, 20, 22105, 10570, '2212510570']
[22125, 10567, 3, 22125, 10570, '2212510567']
[22231, 10567, 0, 22125, 10567, '2223110567']
[22125, 8469, 0, 22125, 10567, '221258469']
[22239, 10567, 0, 22231, 10567, '2223910567']
[22231, 8469, 0, 22125, 8469, '222318469']
[22125, 8439, 0, 22125, 8469, '221258439']
[22353, 10567, 0, 22239, 10567, '2235310567']
[22239, 8469, 0, 22231, 8469, '222398469']
[22231, 8439, 0, 22125, 8439, '222318439']
[22125, 8202, 0, 22125, 8439, '221258202']
[22353, 8469, 0, 22239, 8469, '223538469']
[22239, 8439, 0, 22231, 8439, '222398439']
[22231, 8202, 0, 22125, 8202, '222318202']
[22125, 8141, 0, 22125, 8202, '221258141']
[22353, 8439, 0, 22239, 8439, '223538439']
[22239, 8202, 0, 22231, 8202, '222398202']
[22231, 8141, 0, 22125, 8141, '222318141']
[22353, 8202, 0, 22239, 8202, '223538202']
[22239, 8141, 0, 22231, 8141, '222398141']
[22353, 8141, 0, 22239, 8141, '223538141']
[22231, 10570, 3, 22231, 10567, '2223110570']
[22239, 10570, 3, 22239, 10567, '2223910570']
[22353, 10570, 3, 22353, 10567, '2235310570']
[22105, 8469, 20, 22125, 8469, '221058469']
[22105, 8439, 20, 22125, 8439, '221058439']
[22105, 8202, 20, 22125, 8202, '221058202']
[22105, 8141, 20, 22125, 8141, '221058141']
[22125, 8117, 24, 22125, 8141, '221258117']
[22105, 8117, 20, 22125, 8117, '221058117']
[22231, 8117, 24, 22231, 8141, '222318117']
[22239, 8117, 8, 22231, 8117, '222398117']
[22353, 8117, 24, 22353, 8141, '223538117']
[22125, 8043, 74, 22125, 8117, '221258043']
[22105, 8043, 20, 22125, 8043, '221058043']
[22125, 8008, 35, 22125, 8043, '221258008']
[22105, 8008, 20, 22125, 8008, '221058008']
[22231, 8043, 74, 22231, 8117, '222318043']
[22239, 8043, 0, 22231, 8043, '222398043']
[22231, 8008, 0, 22231, 8043, '222318008']
[22239, 8008, 0, 22231, 8008, '222398008']
[22231, 7828, 0, 22231, 8008, '222317828']
[22239, 7828, 0, 22231, 7828, '222397828']
[22231, 5949, 0, 22231, 7828, '222315949']
[22239, 5949, 0, 22231, 5949, '222395949']
[22231, 5908, 0, 22231, 5949, '222315908']
[22239, 5908, 0, 22231, 5908, '222395908']
[22231, 3129, 0, 22231, 5908, '222313129']
[22239, 3129, 0, 22231, 3129, '222393129']
[22231, 3089, 40, 22231, 3129, '222313089']
[22239, 3089, 8, 22231, 3089, '222393089']
[22353, 8043, 74, 22353, 8117, '223538043']
[22353, 8008, 35, 22353, 8043, '223538008']
[22125, 7828, 106, 22231, 7828, '221257828']
[22105, 7828, 20, 22125, 7828, '221057828']
[22125, 5949, 106, 22231, 5949, '221255949']
[22105, 5949, 20, 22125, 5949, '221055949']
[22125, 5908, 41, 22125, 5949, '221255908']
[22105, 5908, 20, 22125, 5908, '221055908']
[22125, 3129, 106, 22231, 3129, '221253129']
[22105, 3129, 20, 22125, 3129, '221053129']
[22125, 3089, 40, 22125, 3129, '221253089']
[22105, 3089, 20, 22125, 3089, '221053089']
[22353, 7828, 114, 22239, 7828, '223537828']
[22353, 5949, 114, 22239, 5949, '223535949']
[22353, 5908, 41, 22353, 5949, '223535908']
[22353, 3129, 114, 22239, 3129, '223533129']
[22353, 3089, 40, 22353, 3129, '223533089']
[21907, 8202, 198, 22105, 8202, '219078202']
[21907, 8141, 61, 21907, 8202, '219078141']
[21907, 8117, 24, 21907, 8141, '219078117']
[21907, 8043, 74, 21907, 8117, '219078043']
[21907, 8008, 35, 21907, 8043, '219078008']
[21907, 7828, 180, 21907, 8008, '219077828']
[21907, 5949, 198, 22105, 5949, '219075949']
[21907, 5908, 41, 21907, 5949, '219075908']
[21907, 3129, 198, 22105, 3129, '219073129']
[21907, 3089, 40, 21907, 3129, '219073089']
[20845, 8202, 237, 20845, 8439, '208458202']
[20803, 8202, 42, 20845, 8202, '208038202']
[20845, 8141, 61, 20845, 8202, '208458141']
[20845, 8117, 24, 20845, 8141, '208458117']
[20803, 8141, 42, 20845, 8141, '208038141']
[20803, 8117, 24, 20803, 8141, '208038117']
[20845, 8043, 74, 20845, 8117, '208458043']
[20845, 8008, 35, 20845, 8043, '208458008']
[20803, 8043, 42, 20845, 8043, '208038043']
[20803, 8008, 35, 20803, 8043, '208038008']
[20845, 7828, 180, 20845, 8008, '208457828']
[20803, 7828, 42, 20845, 7828, '208037828']
[18811, 8202, 237, 18811, 8439, '188118202']
[18790, 8202, 21, 18811, 8202, '187908202']
[18811, 8141, 61, 18811, 8202, '188118141']
[18790, 8141, 21, 18811, 8141, '187908141']
[18811, 8117, 24, 18811, 8141, '188118117']
[18790, 8117, 21, 18811, 8117, '187908117']
[18811, 8043, 74, 18811, 8117, '188118043']
[18790, 8043, 21, 18811, 8043, '187908043']
[18811, 8008, 35, 18811, 8043, '188118008']
[18790, 8008, 21, 18811, 8008, '187908008']
[18811, 7828, 180, 18811, 8008, '188117828']
[18790, 7828, 21, 18811, 7828, '187907828']
[22231, 2153, 936, 22231, 3089, '222312153']
[22239, 2153, 8, 22231, 2153, '222392153']
[22231, 2090, 63, 22231, 2153, '222312090']
[22239, 2090, 8, 22231, 2090, '222392090']
[22125, 2153, 106, 22231, 2153, '221252153']
[22105, 2153, 20, 22125, 2153, '221052153']
[22125, 2090, 63, 22125, 2153, '221252090']
[22105, 2090, 20, 22125, 2090, '221052090']
[22353, 2153, 114, 22239, 2153, '223532153']
[22353, 2090, 63, 22353, 2153, '223532090']
[21907, 2153, 198, 22105, 2153, '219072153']
[21907, 2090, 63, 21907, 2153, '219072090']
[21907, 12563, 1026, 21907, 11537, '2190712563']
[21907, 12625, 62, 21907, 12563, '2190712625']
[22105, 12563, 198, 21907, 12563, '2210512563']
[22125, 12563, 20, 22105, 12563, '2212512563']
[22105, 12625, 62, 22105, 12563, '2210512625']
[22125, 12625, 20, 22105, 12625, '2212512625']
[22231, 12563, 106, 22125, 12563, '2223112563']
[22239, 12563, 8, 22231, 12563, '2223912563']
[22231, 12625, 62, 22231, 12563, '2223112625']
[22239, 12625, 8, 22231, 12625, '2223912625']
[22353, 12563, 114, 22239, 12563, '2235312563']
[22353, 12625, 62, 22353, 12563, '2235312625']
[18811, 12563, 1026, 18811, 11537, '1881112563']
[18790, 12563, 21, 18811, 12563, '1879012563']
[18811, 12625, 62, 18811, 12563, '1881112625']
[18790, 12625, 21, 18811, 12625, '1879012625']
[20845, 5949, 1062, 21907, 5949, '208455949']
[20845, 5908, 41, 20845, 5949, '208455908']
[20803, 5949, 42, 20845, 5949, '208035949']
[20803, 5908, 41, 20803, 5949, '208035908']
[20845, 3129, 1062, 21907, 3129, '208453129']
[20845, 3089, 40, 20845, 3129, '208453089']
[20803, 3129, 42, 20845, 3129, '208033129']
[20803, 3089, 40, 20803, 3129, '208033089']
[20845, 2153, 936, 20845, 3089, '208452153']
[20803, 2153, 42, 20845, 2153, '208032153']
[20845, 2090, 63, 20845, 2153, '208452090']
[20803, 2090, 42, 20845, 2090, '208032090']
[18811, 5949, 1879, 18811, 7828, '188115949']
[18790, 5949, 21, 18811, 5949, '187905949']
[18811, 5908, 41, 18811, 5949, '188115908']
[18790, 5908, 21, 18811, 5908, '187905908']
[18811, 3129, 1992, 20803, 3129, '188113129']
[18790, 3129, 21, 18811, 3129, '187903129']
[18811, 3089, 40, 18811, 3129, '188113089']
[18790, 3089, 21, 18811, 3089, '187903089']
[18811, 2153, 936, 18811, 3089, '188112153']
[18790, 2153, 21, 18811, 2153, '187902153']
[18811, 2090, 63, 18811, 2153, '188112090']
[18790, 2090, 21, 18811, 2090, '187902090']
[24891, 11354, 2538, 22353, 11354, '2489111354']
[24894, 11354, 3, 24891, 11354, '2489411354']
[24891, 11537, 183, 24891, 11354, '2489111537']
[24894, 11537, 3, 24891, 11537, '2489411537']
[24891, 10570, 784, 24891, 11354, '2489110570']
[24891, 10567, 3, 24891, 10570, '2489110567']
[24894, 10570, 3, 24891, 10570, '2489410570']
[24894, 10567, 3, 24891, 10567, '2489410567']
[24891, 12563, 1026, 24891, 11537, '2489112563']
[24894, 12563, 3, 24891, 12563, '2489412563']
[24891, 12625, 62, 24891, 12563, '2489112625']
[24894, 12625, 3, 24891, 12625, '2489412625']
[24891, 8469, 2098, 24891, 10567, '248918469']
[24894, 8469, 3, 24891, 8469, '248948469']
[24891, 8439, 30, 24891, 8469, '248918439']
[24894, 8439, 3, 24891, 8439, '248948439']
[24891, 8202, 237, 24891, 8439, '248918202']
[24894, 8202, 3, 24891, 8202, '248948202']
[24891, 8141, 61, 24891, 8202, '248918141']
[24894, 8141, 3, 24891, 8141, '248948141']
[24891, 8117, 24, 24891, 8141, '248918117']
[24894, 8117, 3, 24891, 8117, '248948117']
[24891, 8043, 74, 24891, 8117, '248918043']
[24894, 8043, 3, 24891, 8043, '248948043']
[24891, 8008, 35, 24891, 8043, '248918008']
[24894, 8008, 3, 24891, 8008, '248948008']
[24891, 7828, 180, 24891, 8008, '248917828']
[24894, 7828, 3, 24891, 7828, '248947828']
[24891, 5949, 1879, 24891, 7828, '248915949']
[24894, 5949, 3, 24891, 5949, '248945949']
[24891, 5908, 41, 24891, 5949, '248915908']
[24894, 5908, 3, 24891, 5908, '248945908']
[27050, 11354, 2156, 24894, 11354, '2705011354']
[27050, 11537, 183, 27050, 11354, '2705011537']
[27465, 11354, 415, 27050, 11354, '2746511354']
[27465, 11537, 183, 27465, 11354, '2746511537']
[27050, 10570, 784, 27050, 11354, '2705010570']
[27050, 10567, 3, 27050, 10570, '2705010567']
[27465, 10570, 415, 27050, 10570, '2746510570']
[27465, 10567, 3, 27465, 10570, '2746510567']
[27050, 12563, 1026, 27050, 11537, '2705012563']
[27050, 12625, 62, 27050, 12563, '2705012625']
[27465, 12563, 415, 27050, 12563, '2746512563']
[27465, 12625, 62, 27465, 12563, '2746512625']
[27050, 8469, 2098, 27050, 10567, '270508469']
[27050, 8439, 30, 27050, 8469, '270508439']
[27050, 8202, 237, 27050, 8439, '270508202']
[27050, 8141, 61, 27050, 8202, '270508141']
[27050, 8117, 24, 27050, 8141, '270508117']
[27050, 8043, 74, 27050, 8117, '270508043']
[27050, 8008, 35, 27050, 8043, '270508008']
[27050, 7828, 180, 27050, 8008, '270507828']
[27465, 8469, 415, 27050, 8469, '274658469']
[27465, 8439, 30, 27465, 8469, '274658439']
[27465, 8202, 237, 27465, 8439, '274658202']
[27465, 8141, 61, 27465, 8202, '274658141']
[27465, 8117, 24, 27465, 8141, '274658117']
[27465, 8043, 74, 27465, 8117, '274658043']
[27465, 8008, 35, 27465, 8043, '274658008']
[27465, 7828, 180, 27465, 8008, '274657828']
[27050, 5949, 1879, 27050, 7828, '270505949']
[27050, 5908, 41, 27050, 5949, '270505908']
[27465, 5949, 415, 27050, 5949, '274655949']
[27465, 5908, 41, 27465, 5949, '274655908']
[24891, 3129, 2538, 22353, 3129, '248913129']
[24894, 3129, 3, 24891, 3129, '248943129']
[24891, 3089, 40, 24891, 3129, '248913089']
[24894, 3089, 3, 24891, 3089, '248943089']
[24891, 2153, 936, 24891, 3089, '248912153']
[24894, 2153, 3, 24891, 2153, '248942153']
[24891, 2090, 63, 24891, 2153, '248912090']
[24894, 2090, 3, 24891, 2090, '248942090']
[27050, 3129, 2156, 24894, 3129, '270503129']
[27050, 3089, 40, 27050, 3129, '270503089']
[27465, 3129, 415, 27050, 3129, '274653129']
[27465, 3089, 40, 27465, 3129, '274653089']
[27050, 2153, 936, 27050, 3089, '270502153']
[27050, 2090, 63, 27050, 2153, '270502090']
[27465, 2153, 415, 27050, 2153, '274652153']
[27465, 2090, 63, 27465, 2153, '274652090']
[12520, 11354, 6270, 18790, 11354, '1252011354']
[12520, 11537, 183, 12520, 11354, '1252011537']
[11858, 11354, 662, 12520, 11354, '1185811354']
[11858, 11537, 183, 11858, 11354, '1185811537']
[12520, 10570, 784, 12520, 11354, '1252010570']
[12520, 10567, 0, 12520, 10570, '1252010567']
[12520, 8469, 0, 12520, 10567, '125208469']
[12520, 8439, 0, 12520, 8469, '125208439']
[12520, 8202, 0, 12520, 8439, '125208202']
[12520, 8141, 0, 12520, 8202, '125208141']
[12520, 8117, 0, 12520, 8141, '125208117']
[12520, 8043, 0, 12520, 8117, '125208043']
[12520, 8008, 0, 12520, 8043, '125208008']
[12520, 7828, 0, 12520, 8008, '125207828']
[12520, 5949, 0, 12520, 7828, '125205949']
[12520, 5908, 0, 12520, 5949, '125205908']
[12520, 3129, 0, 12520, 5908, '125203129']
[12520, 3089, 0, 12520, 3129, '125203089']
[12520, 2153, 0, 12520, 3089, '125202153']
[11858, 10570, 0, 12520, 10570, '1185810570']
[11858, 10567, 0, 11858, 10570, '1185810567']
[11858, 8469, 0, 11858, 10567, '118588469']
[11858, 8439, 0, 11858, 8469, '118588439']
[11858, 8202, 0, 11858, 8439, '118588202']
[11858, 8141, 0, 11858, 8202, '118588141']
[11858, 8117, 0, 11858, 8141, '118588117']
[11858, 8043, 0, 11858, 8117, '118588043']
[11858, 8008, 0, 11858, 8043, '118588008']
[11858, 7828, 0, 11858, 8008, '118587828']
[11858, 5949, 0, 11858, 7828, '118585949']
[11858, 5908, 0, 11858, 5949, '118585908']
[11858, 3129, 0, 11858, 5908, '118583129']
[11858, 3089, 0, 11858, 3129, '118583089']
[11858, 2153, 0, 11858, 3089, '118582153']
[4508, 10570, 0, 11858, 10570, '450810570']
[4508, 10567, 0, 4508, 10570, '450810567']
[4508, 8469, 0, 4508, 10567, '45088469']
[4508, 8439, 0, 4508, 8469, '45088439']
[4508, 8202, 0, 4508, 8439, '45088202']
[4508, 8141, 0, 4508, 8202, '45088141']
[4508, 8117, 0, 4508, 8141, '45088117']
[4508, 8043, 0, 4508, 8117, '45088043']
[4508, 8008, 0, 4508, 8043, '45088008']
[4508, 7828, 0, 4508, 8008, '45087828']
[4508, 5949, 0, 4508, 7828, '45085949']
[4508, 5908, 0, 4508, 5949, '45085908']
[4508, 3129, 0, 4508, 5908, '45083129']
[4508, 3089, 0, 4508, 3129, '45083089']
[4508, 2153, 0, 4508, 3089, '45082153']
[4502, 10570, 6, 4508, 10570, '450210570']
[4502, 10567, 3, 4502, 10570, '450210567']
[4502, 8469, 6, 4508, 8469, '45028469']
[4502, 8439, 6, 4508, 8439, '45028439']
[4502, 8202, 6, 4508, 8202, '45028202']
[4502, 8141, 6, 4508, 8141, '45028141']
[4502, 8117, 6, 4508, 8117, '45028117']
[4502, 8043, 6, 4508, 8043, '45028043']
[4502, 8008, 6, 4508, 8008, '45028008']
[4502, 7828, 6, 4508, 7828, '45027828']
[4502, 5949, 6, 4508, 5949, '45025949']
[4502, 5908, 6, 4508, 5908, '45025908']
[4502, 3129, 6, 4508, 3129, '45023129']
[4502, 3089, 6, 4508, 3089, '45023089']
[4502, 2153, 6, 4508, 2153, '45022153']
[12520, 2090, 63, 12520, 2153, '125202090']
[11858, 2090, 63, 11858, 2153, '118582090']
[4508, 2090, 63, 4508, 2153, '45082090']
[4502, 2090, 6, 4508, 2090, '45022090']
[4508, 11354, 784, 4508, 10570, '450811354']
[4502, 11354, 6, 4508, 11354, '450211354']
[4508, 11537, 183, 4508, 11354, '450811537']
[4502, 11537, 6, 4508, 11537, '450211537']
[12520, 12563, 1026, 12520, 11537, '1252012563']
[12520, 12625, 62, 12520, 12563, '1252012625']
[11858, 12563, 662, 12520, 12563, '1185812563']
[11858, 12625, 62, 11858, 12563, '1185812625']
[4508, 12563, 1026, 4508, 11537, '450812563']
[4502, 12563, 6, 4508, 12563, '450212563']
[4508, 12625, 62, 4508, 12563, '450812625']
[4502, 12625, 6, 4508, 12625, '450212625']
[365, 10570, 4137, 4502, 10570, '36510570']
[365, 10567, 3, 365, 10570, '36510567']
[262, 10570, 103, 365, 10570, '26210570']
[262, 10567, 3, 262, 10570, '26210567']
[365, 11354, 784, 365, 10570, '36511354']
[262, 11354, 103, 365, 11354, '26211354']
[365, 11537, 183, 365, 11354, '36511537']
[262, 11537, 103, 365, 11537, '26211537']
[365, 12563, 1026, 365, 11537, '36512563']
[365, 12625, 62, 365, 12563, '36512625']
[262, 12563, 103, 365, 12563, '26212563']
[262, 12625, 62, 262, 12563, '26212625']
[365, 8469, 2098, 365, 10567, '3658469']
[365, 8439, 30, 365, 8469, '3658439']
[262, 8469, 103, 365, 8469, '2628469']
[262, 8439, 30, 262, 8469, '2628439']
[365, 8202, 237, 365, 8439, '3658202']
[365, 8141, 61, 365, 8202, '3658141']
[365, 8117, 24, 365, 8141, '3658117']
[365, 8043, 74, 365, 8117, '3658043']
[365, 8008, 35, 365, 8043, '3658008']
[262, 8202, 103, 365, 8202, '2628202']
[262, 8141, 61, 262, 8202, '2628141']
[262, 8117, 24, 262, 8141, '2628117']
[262, 8043, 74, 262, 8117, '2628043']
[262, 8008, 35, 262, 8043, '2628008']
[365, 7828, 180, 365, 8008, '3657828']
[262, 7828, 103, 365, 7828, '2627828']
[365, 5949, 1879, 365, 7828, '3655949']
[365, 5908, 41, 365, 5949, '3655908']
[262, 5949, 103, 365, 5949, '2625949']
[262, 5908, 41, 262, 5949, '2625908']
[365, 3129, 2779, 365, 5908, '3653129']
[365, 3089, 40, 365, 3129, '3653089']
[262, 3129, 103, 365, 3129, '2623129']
[262, 3089, 40, 262, 3129, '2623089']
[365, 2153, 936, 365, 3089, '3652153']
[365, 2090, 63, 365, 2153, '3652090']
[262, 2153, 103, 365, 2153, '2622153']
[262, 2090, 63, 262, 2153, '2622090']
