[50, 100, 0, -1, -1, '50100']
[250, 100, 0, 50, 100, '250100']
[50, 150, 0, 50, 100, '50150']
[250, 150, 0, 50, 150, '250150']
[50, 20, 80, 50, 100, '5020']
[250, 20, 80, 250, 100, '25020']
[435, 100, 185, 250, 100, '435100']
[435, 150, 0, 435, 100, '435150']
[435, 20, 0, 435, 100, '43520']
[475, 100, 0, 435, 100, '475100']
[475, 150, 0, 475, 100, '475150']
[435, 350, 0, 435, 150, '435350']
[475, 20, 0, 475, 100, '47520']
[600, 100, 0, 475, 100, '600100']
[600, 150, 0, 600, 100, '600150']
[475, 350, 0, 435, 350, '475350']
[600, 20, 0, 600, 100, '60020']
[670, 100, 0, 600, 100, '670100']
[670, 150, 0, 670, 100, '670150']
[600, 350, 0, 475, 350, '600350']
[475, 450, 0, 475, 350, '475450']
[670, 20, 0, 670, 100, '67020']
[670, 350, 0, 600, 350, '670350']
[600, 450, 0, 475, 450, '600450']
[670, 450, 0, 600, 450, '670450']
[435, 450, 40, 475, 450, '435450']
[250, 350, 185, 435, 350, '250350']
[250, 450, 100, 250, 350, '250450']
[50, 350, 200, 50, 150, '50350']
[50, 450, 100, 50, 350, '50450']
