0 0
1351 5
1351 4
5338 2
6370 6
7103 9
8787 3
10162 7
21030 8
23177 1
[[20803, 7828], [20845, 7828], [20803, 8008], [20845, 8008], [20803, 8043], [20845, 8043], [20803, 8117], [20803, 8141], [20845, 8117], [20845, 8141], [20803, 8202], [20845, 8202], [20803, 8439], [20803, 8469], [20845, 8439], [20845, 8469], [21907, 7828], [21907, 8008], [21907, 8043], [21907, 8117], [21907, 8141], [22105, 8117], [22105, 8043], [22105, 8141], [22125, 8117], [22125, 8043], [22125, 8141], [22105, 8202], [22231, 8117], [22231, 8141], [22125, 8202], [22239, 8117], [22239, 8141], [22353, 8117], [22353, 8141], [22105, 8008], [22125, 8008], [21907, 8202], [22231, 8202], [22239, 8202], [22353, 8202], [22231, 8043], [22239, 8043], [22231, 8008], [22239, 8008], [22353, 8043], [22353, 8008], [22105, 7828], [22125, 7828], [22231, 7828], [22239, 7828], [22353, 7828], [21907, 8439], [21907, 8469], [22105, 8439], [22125, 8439], [22105, 8469], [22125, 8469], [22231, 8439], [22239, 8439], [22231, 8469], [22239, 8469], [22353, 8439], [22353, 8469], [20803, 5949], [20803, 5908], [20845, 5949], [20845, 5908], [21907, 5949], [21907, 5908], [22105, 5949], [22125, 5949], [22105, 5908], [22125, 5908], [22231, 5949], [22239, 5949], [22231, 5908], [22239, 5908], [22353, 5949], [22353, 5908], [18811, 7828], [18790, 7828], [18811, 8008], [18790, 8008], [18811, 8043], [18790, 8043], [18811, 8117], [18790, 8117], [18811, 8141], [18790, 8141], [18811, 8202], [18790, 8202], [18811, 8439], [18790, 8439], [18811, 8469], [18790, 8469], [18811, 5949], [18790, 5949], [18811, 5908], [18790, 5908], [20803, 10567], [20803, 10570], [20845, 10567], [20845, 10570], [20803, 11354], [20845, 11354], [20803, 11537], [20845, 11537], [20803, 12563], [20845, 12563], [20803, 12625], [20845, 12625], [21907, 10567], [21907, 10570], [22105, 10567], [22105, 10570], [22125, 10567], [22125, 10570], [22231, 10567], [22231, 10570], [22239, 10567], [22239, 10570], [22353, 10567], [22353, 10570], [21907, 11354], [21907, 11537], [22105, 11354], [22125, 11354], [22231, 11354], [22239, 11354], [22353, 11354], [22105, 11537], [22125, 11537], [22231, 11537], [22239, 11537], [22353, 11537], [21907, 12563], [21907, 12625], [22105, 12563], [22125, 12563], [22105, 12625], [22125, 12625], [22231, 12563], [22239, 12563], [22231, 12625], [22239, 12625], [22353, 12563], [22353, 12625], [18811, 10567], [18811, 10570], [18790, 10567], [18790, 10570], [18811, 11354], [18811, 11537], [18790, 11354], [18790, 11537], [18811, 12563], [18790, 12563], [18811, 12625], [18790, 12625], [24891, 8117], [24894, 8117], [24891, 8141], [24894, 8141], [24891, 8202], [24894, 8202], [24891, 8043], [24894, 8043], [24891, 8008], [24894, 8008], [24891, 7828], [24894, 7828], [24891, 8439], [24894, 8439], [24891, 8469], [24894, 8469], [24891, 5949], [24894, 5949], [24891, 5908], [24894, 5908], [24891, 10567], [24891, 10570], [24894, 10567], [24894, 10570], [24891, 11354], [24894, 11354], [24891, 11537], [24894, 11537], [24891, 12563], [24894, 12563], [24891, 12625], [24894, 12625], [27050, 8117], [27050, 8141], [27050, 8202], [27050, 8043], [27050, 8008], [27050, 7828], [27050, 8439], [27050, 8469], [27465, 8439], [27465, 8469], [27465, 8202], [27465, 8141], [27465, 8117], [27465, 8043], [27465, 8008], [27465, 7828], [27050, 5949], [27050, 5908], [27465, 5949], [27465, 5908], [27050, 10567], [27050, 10570], [27465, 10567], [27465, 10570], [27050, 11354], [27050, 11537], [27465, 11354], [27465, 11537], [27050, 12563], [27050, 12625], [27465, 12563], [27465, 12625], [20803, 3129], [20803, 3089], [20845, 3129], [20845, 3089], [20803, 2153], [20845, 2153], [20803, 2090], [20845, 2090], [21907, 3129], [21907, 3089], [22105, 3129], [22125, 3129], [22105, 3089], [22125, 3089], [22231, 3129], [22239, 3129], [22231, 3089], [22239, 3089], [22353, 3129], [22353, 3089], [21907, 2153], [21907, 2090], [22105, 2153], [22125, 2153], [22105, 2090], [22125, 2090], [22231, 2153], [22239, 2153], [22231, 2090], [22239, 2090], [22353, 2153], [22353, 2090], [18811, 3129], [18790, 3129], [18811, 3089], [18790, 3089], [18811, 2153], [18790, 2153], [18811, 2090], [18790, 2090], [24891, 3129], [24894, 3129], [24891, 3089], [24894, 3089], [24891, 2153], [24894, 2153], [24891, 2090], [24894, 2090], [27050, 3129], [27050, 3089], [27465, 3129], [27465, 3089], [27050, 2153], [27050, 2090], [27465, 2153], [27465, 2090], [12520, 7828], [12520, 8008], [12520, 8043], [12520, 8117], [12520, 8141], [12520, 8202], [12520, 8439], [12520, 8469], [11858, 7828], [11858, 8008], [11858, 8043], [11858, 8117], [11858, 8141], [11858, 8202], [11858, 8439], [11858, 8469], [12520, 5949], [12520, 5908], [11858, 5949], [11858, 5908], [12520, 10567], [12520, 10570], [11858, 10567], [11858, 10570], [12520, 11354], [12520, 11537], [11858, 11354], [11858, 11537], [12520, 12563], [12520, 12625], [11858, 12563], [11858, 12625], [12520, 3129], [12520, 3089], [11858, 3129], [11858, 3089], [12520, 2153], [12520, 2090], [11858, 2153], [11858, 2090], [4508, 7828], [4502, 7828], [4508, 8008], [4502, 8008], [4508, 8043], [4502, 8043], [4508, 8117], [4502, 8117], [4508, 8141], [4502, 8141], [4508, 8202], [4502, 8202], [4508, 8439], [4502, 8439], [4508, 8469], [4502, 8469], [4508, 5949], [4502, 5949], [4508, 5908], [4502, 5908], [4508, 10567], [4508, 10570], [4502, 10567], [4502, 10570], [4508, 11354], [4502, 11354], [4508, 11537], [4502, 11537], [4508, 12563], [4508, 12625], [4502, 12563], [4502, 12625], [4508, 3129], [4502, 3129], [4508, 3089], [4502, 3089], [4508, 2153], [4502, 2153], [4508, 2090], [4502, 2090], [365, 7828], [262, 7828], [365, 8008], [365, 8043], [365, 8117], [365, 8141], [365, 8202], [262, 8008], [262, 8043], [262, 8117], [262, 8141], [262, 8202], [365, 8439], [365, 8469], [262, 8439], [262, 8469], [365, 5949], [365, 5908], [262, 5949], [262, 5908]]
